1  0 1 120 100 140 120 140 100 120
2  0 2 100 100 85  115 100 115 85
3  0 3 80  90  80  70  70  80  90
4  1 1 80  70  90  80  90  70  80
5  0 2 60  60  55  65  60  55  65
6  0 3 120 140 120 100 100 120 140
7  1 1 100 85  115 100 115 85  100
8  0 2 120 120 100 140 120 140 100
9  1 3 100 115 100 85  85  100 115
10 0 1 60  55  65  60  60  55  65
11 0 2 100 100 85  115 100 115 85
12 1 3 80  90  80  70  70  80  90
13 0 1 120 100 140 120 120 140 100
14 0 2 80  80  70  90  80  90  70
15 0 3 60  65  60  55  55  60  65
16 1 1 100 85  115 100 115 85  100
17 0 2 120 120 100 140 120 140 100
18 0 3 120 140 120 100 100 120 140
19 1 1 80  70  90  80  90  70  80
20 0 2 80  80  70  90  80  90  70
21 0 3 100 115 100 85  85  100 115
22 0 1 120 100 140 120 140 100 120
23 0 2 100 100 85  115 100 115 85
24 0 3 120 140 120 100 100 120 140
25 0 1 80  70  90  80  90  70  80
26 1 2 80  80  70  90  80  90  70
27 0 3 100 115 100 85  85  100 115
28 0 1 100 85  115 100 115 85  100
29 1 2 120 120 100 140 120 140 100
30 0 3 80  90  80  70  70  80  90
